$ANSIBLE_VAULT;1.1;AES256
63306635336564643561346435363266326463376232313364326430343661303939613661643939
6565336233343136303537653135383966363734633331650a393134616565656362346561663665
65396163363933323332346630663665393764623933613363646163626635363338653732616337
3237383232376439320a363562623837653637313566363931366165303265376661383731656530
63306637633638353739383233373138666338663734646435646365653462353336653364666637
64643631323163373531396661353863396632666630333831653061653030323639666236653962
38353463356336663838383536393635663239303764333836383465306333373865336165623736
34386538353262393239363530646663326136303633623931386566303232373131656132353964
34633863636661323935313061333333346638316430376230386534353730303334643565376261
61393931646464646333366239623132313037623837393631346165396130343363366638346563
39393739346535623061643336346531613765383734343866323830313666363264346638343630
39343532663038396635376631323665303262336135396338306363666238326662616434626131
65313933626365393765333235343862663233333061663838373337646633643836613362666631
33316636316131316162356562366261666638336139663136376632663637356436393933663562
39343363323931386537313336363232366433306565616339323132633139386130623862373739
34383761386561363931
